name: mistral_train
channels:
  - defaults
dependencies:
  - blas=1.0=openblas
  - bzip2=1.0.8=h620ffc9_4
  - c-ares=1.19.1=h80987f9_0
  - ca-certificates=2023.12.12=hca03da5_0
  - cairo=1.16.0=h302bd0f_5
  - cyrus-sasl=2.1.28=h9131b1a_1
  - eigen=3.4.0=h48ca7d4_0
  - expat=2.5.0=h313beb8_0
  - ffmpeg=4.2.2=h04105a8_0
  - fontconfig=2.14.1=hee714a5_2
  - freetype=2.12.1=h1192e45_0
  - gettext=0.21.0=h13f89a0_1
  - giflib=5.2.1=h80987f9_3
  - glib=2.69.1=h514c7bf_2
  - gmp=6.2.1=hc377ac9_3
  - gnutls=3.6.15=h887c41c_0
  - graphite2=1.3.14=hc377ac9_1
  - gst-plugins-base=1.14.1=h313beb8_1
  - gstreamer=1.14.1=h80987f9_1
  - harfbuzz=4.3.0=he9eebac_1
  - hdf5=1.12.1=h05c076b_3
  - icu=68.1=hc377ac9_0
  - jpeg=9e=h80987f9_1
  - krb5=1.20.1=hf3e1bf2_1
  - lame=3.100=h1a28f6b_0
  - lerc=3.0=hc377ac9_0
  - libclang=14.0.6=default_h1b80db6_1
  - libclang13=14.0.6=default_h24352ff_1
  - libcurl=8.4.0=h3e2b118_1
  - libcxx=14.0.6=h848a8c0_0
  - libdeflate=1.17=h80987f9_1
  - libedit=3.1.20221030=h80987f9_0
  - libev=4.33=h1a28f6b_1
  - libffi=3.4.4=hca03da5_0
  - libgfortran=5.0.0=11_3_0_hca03da5_28
  - libgfortran5=11.3.0=h009349e_28
  - libiconv=1.16=h1a28f6b_2
  - libidn2=2.3.4=h80987f9_0
  - libllvm14=14.0.6=h7ec7a93_3
  - libnghttp2=1.57.0=h62f6fdd_0
  - libopenblas=0.3.21=h269037a_0
  - libopus=1.3=h1a28f6b_1
  - libpng=1.6.39=h80987f9_0
  - libpq=12.15=h02f6b3c_1
  - libssh2=1.10.0=h02f6b3c_2
  - libtasn1=4.19.0=h80987f9_0
  - libtiff=4.5.1=h313beb8_0
  - libunistring=0.9.10=h1a28f6b_0
  - libvpx=1.10.0=hc377ac9_0
  - libwebp=1.3.2=ha3663a8_0
  - libwebp-base=1.3.2=h80987f9_0
  - libxml2=2.10.4=h372ba2a_0
  - libxslt=1.1.37=habca612_0
  - llvm-openmp=14.0.6=hc6e5704_0
  - lz4-c=1.9.4=h313beb8_0
  - mysql=5.7.24=ha71a6ea_2
  - ncurses=6.4=h313beb8_0
  - nettle=3.7.3=h84b5d62_1
  - numpy=1.26.2=py311he598dae_0
  - numpy-base=1.26.2=py311hfbfe69c_0
  - opencv=4.6.0=py311hbae66a1_5
  - openh264=1.8.0=h98b2900_0
  - openssl=3.0.12=h1a28f6b_0
  - pcre=8.45=hc377ac9_0
  - pip=23.3.1=py311hca03da5_0
  - pixman=0.40.0=h1a28f6b_0
  - python=3.11.5=hb885b13_0
  - qt-main=5.15.2=h9b4df51_9
  - qt-webengine=5.15.9=h2903aaf_7
  - qtwebkit=5.212=h19f419d_5
  - readline=8.2=h1a28f6b_0
  - setuptools=68.2.2=py311hca03da5_0
  - sqlite=3.41.2=h80987f9_0
  - tk=8.6.12=hb8d0fd4_0
  - wheel=0.41.2=py311hca03da5_0
  - x264=1!152.20180806=h1a28f6b_0
  - xz=5.4.5=h80987f9_0
  - zlib=1.2.13=h5a0b063_0
  - zstd=1.5.5=hd90d995_0
  - pip:
    - certifi==2023.11.17
    - charset-normalizer==3.3.2
    - filelock==3.13.1
    - fsspec==2023.12.2
    - huggingface-hub==0.19.4
    - idna==3.6
    - jinja2==3.1.2
    - joblib==1.3.2
    - markupsafe==2.1.3
    - mpmath==1.3.0
    - networkx==3.2.1
    - packaging==23.2
    - pandas==2.1.4
    - pillow==10.1.0
    - python-dateutil==2.8.2
    - pytz==2023.3.post1
    - pyyaml==6.0.1
    - regex==2023.10.3
    - requests==2.31.0
    - safetensors==0.4.1
    - scikit-learn==1.3.2
    - scipy==1.11.4
    - six==1.16.0
    - sympy==1.12
    - threadpoolctl==3.2.0
    - tokenizers==0.15.0
    - torch==2.1.2
    - torchaudio==2.1.2
    - torchvision==0.16.2
    - tqdm==4.66.1
    - transformers==4.36.2
    - typing-extensions==4.9.0
    - tzdata==2023.3
    - urllib3==2.1.0
prefix: /opt/miniconda3/envs/mistral_train
